0.14285714285714285 
0.1 0.03333333333333333 
0.0 0.0 0.0 
1.0 0.14285714285714285 0.1 0.0 
0.2857142857142857 0.16666666666666666 0.06666666666666667 0.0 0.2857142857142857 
0.14285714285714285 0.16666666666666666 0.03333333333333333 0.0 0.14285714285714285 0.16666666666666666 
0.3333333333333333 0.1111111111111111 0.06666666666666667 0.0 0.3333333333333333 0.1111111111111111 0.0 
0.14285714285714285 0.16666666666666666 0.03333333333333333 0.3333333333333333 0.14285714285714285 0.2 0.16666666666666666 0.0 
0.14285714285714285 0.14285714285714285 0.06666666666666667 0.0 0.14285714285714285 0.14285714285714285 0.14285714285714285 0.2222222222222222 0.2857142857142857 
0.14285714285714285 0.16666666666666666 0.03333333333333333 0.0 0.14285714285714285 0.2 0.0 0.2222222222222222 0.0 0.14285714285714285 
0.21052631578947367 0.10526315789473684 0.1 0.0 0.21052631578947367 0.10526315789473684 0.05263157894736842 0.10526315789473684 0.05263157894736842 0.05263157894736842 0.05263157894736842 
0.14285714285714285 0.14285714285714285 0.06666666666666667 0.0 0.14285714285714285 0.14285714285714285 0.5714285714285714 0.0 0.2857142857142857 0.2857142857142857 0.0 0.05263157894736842 
0.2857142857142857 0.5714285714285714 0.06666666666666667 0.0 0.2857142857142857 0.14285714285714285 0.14285714285714285 0.1111111111111111 0.2857142857142857 0.2857142857142857 0.14285714285714285 0.10526315789473684 0.2857142857142857 
0.42857142857142855 0.16666666666666666 0.1 0.0 0.42857142857142855 0.4 0.16666666666666666 0.1111111111111111 0.2 0.14285714285714285 0.2 0.15789473684210525 0.14285714285714285 0.2857142857142857 
0.25 0.125 0.06666666666666667 0.0 0.25 0.125 0.0 0.1111111111111111 0.0 0.0 0.125 0.10526315789473684 0.0 0.25 0.5 
0.2857142857142857 0.16666666666666666 0.06666666666666667 0.0 0.2857142857142857 0.4 0.16666666666666666 0.2222222222222222 0.25 0.14285714285714285 0.75 0.10526315789473684 0.14285714285714285 0.14285714285714285 0.4 0.125 
0.0 0.0 0.03333333333333333 0.0 0.0 0.0 0.16666666666666666 0.0 0.0 0.14285714285714285 0.0 0.0 0.14285714285714285 0.0 0.0 0.0 0.0 
0.2857142857142857 0.16666666666666666 0.03333333333333333 0.0 0.2857142857142857 0.16666666666666666 0.16666666666666666 0.3333333333333333 0.16666666666666666 0.14285714285714285 0.3333333333333333 0.15789473684210525 0.14285714285714285 0.14285714285714285 0.16666666666666666 0.0 0.3333333333333333 0.16666666666666666 
0.14285714285714285 0.16666666666666666 0.03333333333333333 0.0 0.14285714285714285 0.2 0.16666666666666666 0.0 0.2 0.14285714285714285 0.0 0.05263157894736842 0.14285714285714285 0.14285714285714285 0.4 0.25 0.2 0.0 0.16666666666666666 
