0.8571428571428572 
0.9 0.9666666666666667 
1.0 1.0 1.0 
0.0 0.8571428571428572 0.9 1.0 
0.7142857142857143 0.8333333333333334 0.9333333333333333 1.0 0.7142857142857143 
0.8571428571428572 0.8333333333333334 0.9666666666666667 1.0 0.8571428571428572 0.8333333333333334 
0.6666666666666667 0.8888888888888888 0.9333333333333333 1.0 0.6666666666666667 0.8888888888888888 1.0 
0.8571428571428572 0.8333333333333334 0.9666666666666667 0.6666666666666667 0.8571428571428572 0.8 0.8333333333333334 1.0 
0.8571428571428572 0.8571428571428572 0.9333333333333333 1.0 0.8571428571428572 0.8571428571428572 0.8571428571428572 0.7777777777777778 0.7142857142857143 
0.8571428571428572 0.8333333333333334 0.9666666666666667 1.0 0.8571428571428572 0.8 1.0 0.7777777777777778 1.0 0.8571428571428572 
0.7894736842105263 0.8947368421052632 0.9 1.0 0.7894736842105263 0.8947368421052632 0.9473684210526316 0.8947368421052632 0.9473684210526316 0.9473684210526316 0.9473684210526316 
0.8571428571428572 0.8571428571428572 0.9333333333333333 1.0 0.8571428571428572 0.8571428571428572 0.4285714285714286 1.0 0.7142857142857143 0.7142857142857143 1.0 0.9473684210526316 
0.7142857142857143 0.4285714285714286 0.9333333333333333 1.0 0.7142857142857143 0.8571428571428572 0.8571428571428572 0.8888888888888888 0.7142857142857143 0.7142857142857143 0.8571428571428572 0.8947368421052632 0.7142857142857143 
0.5714285714285714 0.8333333333333334 0.9 1.0 0.5714285714285714 0.6 0.8333333333333334 0.8888888888888888 0.8 0.8571428571428572 0.8 0.8421052631578947 0.8571428571428572 0.7142857142857143 
0.75 0.875 0.9333333333333333 1.0 0.75 0.875 1.0 0.8888888888888888 1.0 1.0 0.875 0.8947368421052632 1.0 0.75 0.5 
0.7142857142857143 0.8333333333333334 0.9333333333333333 1.0 0.7142857142857143 0.6 0.8333333333333334 0.7777777777777778 0.75 0.8571428571428572 0.25 0.8947368421052632 0.8571428571428572 0.8571428571428572 0.6 0.875 
1.0 1.0 0.9666666666666667 1.0 1.0 1.0 0.8333333333333334 1.0 1.0 0.8571428571428572 1.0 1.0 0.8571428571428572 1.0 1.0 1.0 1.0 
0.7142857142857143 0.8333333333333334 0.9666666666666667 1.0 0.7142857142857143 0.8333333333333334 0.8333333333333334 0.6666666666666667 0.8333333333333334 0.8571428571428572 0.6666666666666667 0.8421052631578947 0.8571428571428572 0.8571428571428572 0.8333333333333334 1.0 0.6666666666666667 0.8333333333333334 
0.8571428571428572 0.8333333333333334 0.9666666666666667 1.0 0.8571428571428572 0.8 0.8333333333333334 1.0 0.8 0.8571428571428572 1.0 0.9473684210526316 0.8571428571428572 0.8571428571428572 0.6 0.75 0.8 1.0 0.8333333333333334 
