0.921875 
0.9999998997817798365049978074758883731381 0.99999994989088991825249890373794418656904 
0.9921875 0.98214285714285714285714285714285714 0.999999993736361239781562362967243023321131 
0 0.921875 0.9999998997817798365049978074758883731381 0.9921875 
0.96875 0.92857142857142857142857142857142857 0.99999994989088991825249890373794418656904 0.96875 0.96875 
0.984375 0.96428571428571428571428571428571429 0.99999997494544495912624945186897209328452 0.96969696969696969696969696969696970 0.984375 0.93939393939393939393939393939393939 
0.96135265700483091787439613526570048 0.990338164251207729468599033816425121 0.9999997932999209127915579779190197695973 0.997584541062801932367149758454106280 0.96135265700483091787439613526570048 0.990338164251207729468599033816425121 0.997584541062801932367149758454106280 
0.984375 0.96428571428571428571428571428571429 0.99999997494544495912624945186897209328452 0.75 0.984375 0.9375 0.93939393939393939393939393939393939 0.997584541062801932367149758454106280 
0.96875 0.98387096774193548387096774193548387 0.9999997745090046321362450668207488395607 0.991935483870967741935483870967741935 0.96875 0.96774193548387096774193548387096774 0.96774193548387096774193548387096774 0.98550724637681159420289855072463768 0.96774193548387096774193548387096774 
0.96875 0.96428571428571428571428571428571429 0.99999997494544495912624945186897209328452 0.875 0.96875 0.9375 0.96969696969696969696969696969696970 0.98067632850241545893719806763285024 0.875 0.96774193548387096774193548387096774 
0.9991993594875900720576461168935148118 0.9998999199359487590072057646116893515 0.9999995991271193460199912299035534925524 0.999993744995996797437950360288230584468 0.9991993594875900720576461168935148118 0.99997497998398718975180144115292233787 0.99997497998398718975180144115292233787 0.9996809947958366693354683746997598078 0.99998748999199359487590072057646116894 0.99997497998398718975180144115292233787 0.99997497998398718975180144115292233787 
0.984375 0.975 0.99999991230905735694187308154140232649583 0.9875 0.984375 0.975 0.825 0.997584541062801932367149758454106280 0.95 0.93548387096774193548387096774193548 0.9875 0.99997497998398718975180144115292233787 
0.875 0.7258064516129032258064516129032258 0.9999998496726697547574967112138325597071 0.991935483870967741935483870967741935 0.875 0.96774193548387096774193548387096774 0.98387096774193548387096774193548387 0.98309178743961352657004830917874396 0.96774193548387096774193548387096774 0.96774193548387096774193548387096774 0.98387096774193548387096774193548387 0.9998123498799039231385108086469175340 0.96774193548387096774193548387096774 
0.9375 0.8928571428571428571428571428571429 0.99999994989088991825249890373794418656904 0.96875 0.9375 0.75 0.93939393939393939393939393939393939 0.990338164251207729468599033816425121 0.9375 0.98387096774193548387096774193548387 0.9375 0.99994995996797437950360288230584467574 0.975 0.93548387096774193548387096774193548 
0.98058252427184466019417475728155340 0.98058252427184466019417475728155340 0.9999998872545023160681225334103744197804 0.995145631067961165048543689320388350 0.98058252427184466019417475728155340 0.98058252427184466019417475728155340 0.995145631067961165048543689320388350 0.97584541062801932367149758454106280 0.995145631067961165048543689320388350 0.995145631067961165048543689320388350 0.990291262135922330097087378640776699 0.99991242994395516413130504403522818255 0.995145631067961165048543689320388350 0.96601941747572815533980582524271845 0.92233009708737864077669902912621359 
0.9375 0.92857142857142857142857142857142857 0.99999994989088991825249890373794418656904 0.9375 0.9375 0.875 0.93939393939393939393939393939393939 0.98067632850241545893719806763285024 0.875 0.93548387096774193548387096774193548 0.5 0.99994995996797437950360288230584467574 0.975 0.96774193548387096774193548387096774 0.875 0.990291262135922330097087378640776699 
0.9921875 0.98214285714285714285714285714285714 0.99999998747272247956312472593448604664226 0.5 0.9921875 0.96875 0.93939393939393939393939393939393939 0.997584541062801932367149758454106280 0.875 0.98387096774193548387096774193548387 0.875 0.999993744995996797437950360288230584468 0.975 0.991935483870967741935483870967741935 0.96875 0.995145631067961165048543689320388350 0.9375 
0.9375 0.96774193548387096774193548387096774 0.99999996241816743868937417780345813992678 0.98387096774193548387096774193548387 0.9375 0.96774193548387096774193548387096774 0.93548387096774193548387096774193548 0.97826086956521739130434782608695652 0.96774193548387096774193548387096774 0.8870967741935483870967741935483871 0.93548387096774193548387096774193548 0.99991242994395516413130504403522818255 0.95 0.98387096774193548387096774193548387 0.96774193548387096774193548387096774 0.995145631067961165048543689320388350 0.8709677419354838709677419354838710 0.96774193548387096774193548387096774 
0.96875 0.92857142857142857142857142857142857 0.99999997494544495912624945186897209328452 0.96875 0.96875 0.875 0.93939393939393939393939393939393939 0.997584541062801932367149758454106280 0.9375 0.98387096774193548387096774193548387 0.96875 0.99997497998398718975180144115292233787 0.975 0.96774193548387096774193548387096774 0.75 0.98058252427184466019417475728155340 0.9375 0.96875 0.96774193548387096774193548387096774 
